432
6
10.0
10.0
10.0
10.0
10.0
10.0
10.0
10.0
10.0
10.0
10.0
10.0
10.0
-50.01381825633441
10.0
10.0
10.0
10.0
1.4611246580147688
1.288067272154436
-3.4606684006351704
0.8548772337916247
-2.9436518326852363
1.2121601831515392
10.0
10.0
10.0
10.0
10.0
10.0
10.0
10.0
10.0
10.0
10.0
10.0
10.0
10.0
10.0
10.0
10.0
10.0
10.0
1.5320372783957916
0.7580429259351079
-1.3280316759195339
1.93308310337686
2.6203189979698127
10.0
10.0
10.0
10.0
10.0
10.0
10.0
10.0
10.0
10.0
10.0
10.0
10.0
10.0
10.0
10.0
10.0
10.0
2.802133946225156
-3.3791835618211046
-3.295487324485069
-2.041913443404595
-2.6987016985568824
0.17023565917300307
10.0
10.0
10.0
10.0
10.0
10.0
10.0
10.0
10.0
10.0
10.0
10.0
10.0
10.0
10.0
10.0
10.0
10.0
10.0
-1.0
10.0
9.0
10.0
10.0
10.0
10.0
10.0
10.0
10.0
10.0
10.0
10.0
10.0
10.0
10.0
10.0
10.0
10.0
10.0
10.0
10.0
10.0
10.0
-3.1760639999582567
10.0
10.0
10.0
10.0
10.0
10.0
10.0
10.0
10.0
10.0
10.0
10.0
10.0
10.0
10.0
10.0
10.0
10.0
10.0
10.0
10.0
10.0
10.0
7.460171377781952
10.0
10.0
10.0
10.0
10.0
10.0
10.0
10.0
10.0
10.0
10.0
10.0
10.0
10.0
10.0
10.0
-0.015477336688123504
-0.07875291256574571
-0.013929629112158705
-2.866585758902723
-6949.986070398874
-6949.999999996864
8.540868772191653
-0.22121781351680916
10.0
-0.3796350485627185
10.0
0.017183343654007255
10.0
10.0
10.0
10.0
10.0
10.0
10.0
10.0
10.0
10.0
10.0
10.0
10.0
10.0
10.0
10.0
10.0
10.0
10.0
10.0
8.10000000000053
10.0
10.0
10.0
10.0
10.0
10.0
10.0
10.0
10.0
10.0
10.0
10.0
10.0
10.0
10.0
10.0
10.0
10.0
10.0
10.0
10.0
10.0
10.0
10.0
10.0
10.0
10.0
10.0
10.0
10.0
10.0
10.0
10.0
10.0
10.0
10.0
10.0
10.0
10.0
10.0
10.0
10.0
10.0
10.0
10.0
10.0
10.0
10.0
10.0
10.0
10.0
10.0
10.0
10.0
10.0
10.0
10.0
10.0
10.0
10.0
10.0
10.0
10.0
10.0
10.0
10.0
10.0
10.0
10.0
10.0
10.0
10.0
10.0
10.0
10.0
10.0
10.0
10.0
10.0
10.0
10.0
10.0
10.0
10.0
10.0
10.0
10.0
10.0
10.0
10.0
10.0
10.0
10.0
10.0
10.0
10.0
10.0
10.0
10.0
-548.1550334389021
-546.3354259088305
-461.4505961332061
-246.09705810495035
-396.01077691709435
-458.75241829988863
-6.371899381199976
-5.514185965903856
-1.5770258046547259
-1.8361749174922306
-6.740539079452673
-4.603054812771455
-2299.999999989835
-2299.9999992038597
-2299.9999388527162
-33.00576295903478
-3.6420900913165015
-2299.999999991644
-1.457966463031604
7.6365706470498536
7.639759621825801
10.0
7.800289162243813
10.0
10.0
10.0
10.0
10.0
10.0
10.0
10.0
-7.748745584831792
10.0
10.0
10.0
10.0
-0.21559864455867336
-20.34781222588737
-1.4184223752368006
-1.6903926560991769
-6.591969789627097
-2.1671442939859014
-8.528291008504729
-4.312996179459319
-7.841799333276025
-2.4581755180640137
-3.325831929970081
-5.150598028022718
-2167.6774210990043
10.0
10.0
10.0
10.0
10.0
1.6479999999999997
2.3400000000000016
-7.899999300063056
10.0
-5.151641634920435
10.0
0.038481057140388804
0.003497488904414462
-3.8749807601727064
-2144.5568148565108
0.011647928300209545
-0.3363602660852608
10.0
-3.3139096212605357
10.0
10.0
10.0
10.0
10.0
10.0
10.0
10.0
10.0
10.0
10.0
10.0
-0.99999999989
-0.9999999999999989
10.0
10.0
10.0
10.0
10.0
10.0
10.0
10.0
-0.99999999989
10.0
10.0
-0.9999999999989
10.0
10.0
10.0
10.0
10.0
10.0
10.0
10.0
10.0
10.0
10.0
10.0
10.0
10.0
10.0
-51.05373181939062
10.0
-4.795789636567789
10.0
-2169.3359784182526
10.0
10.0
10.0
10.0
10.0
10.0
10.0
10.0
10.0
10.0
10.0
10.0
-0.9999999989
10.0
10.0
10.0
10.0
10.0
10.0
10.0
10.0
10.0
10.0
10.0
10.0
10.0
10.0
10.0
10.0
10.0
-353.0496241126191
0.0018883800164388224
-225.01856898617444
-69.8474407539632
-348.9349742955028
-180.48365631435675
-4.095099464146515
-2.70999994939595
10.0
10.0
10.0
10.0
-1797.5122910159287
-1884.3922747755857
-2319.4971264178203
-2562.343520075688
-1662.8715219387211
-1614.558803815501
10.0
-3.4389998168105333
10.0
10.0
10.0
10.0
10.0
10.0
10.0
10.0
10.0
10.0
10.0
10.0
10.0
-1.8999999899
10.0
10.0
10.0
10.0
10.0
10.0
10.0
10.0
10.0
10.0
10.0
10.0
10.0
10.0
10.0
10.0
10.0
10.0
10.0
10.0
10.0
10.0
10.0
10.0
10.0
10.0
10.0
10.0
10.0
10.0
10.0
10.0
10.0
10.0
10.0
10.0
10.0
10.0
10.0
10.0
10.0
10.0
10.0
10.0
10.0
10.0
10.0
10.0
10.0
10.0
10.0
10.0
10.0
10.0
10.0
10.0
10.0
10.0
10.0
10.0
10.0
10.0
10.0
10.0
10.0
10.0
10.0
10.0
10.0
10.0
10.0
10.0
10.0
10.0
10.0
10.0
10.0
10.0
10.0
10.0
10.0
10.0
10.0
10.0
10.0
10.0
10.0
10.0
10.0
10.0
10.0
10.0
10.0
10.0
10.0
10.0
10.0
10.0
10.0
10.0
10.0
10.0
10.0
10.0
10.0
10.0
10.0
10.0
10.0
10.0
10.0
10.0
10.0
10.0
10.0
10.0
10.0
-8.388037001055649
10.0
10.0
10.0
10.0
-6649.985447432333
10.0
-50.01507234030829
10.0
-6649.974117410594
-6899.995432530065
-7.929879245553393
10.0
0.6238253873399954
10.0
10.0
10.0
10.0
10.0
10.0
10.0
10.0
10.0
10.0
10.0
10.0
10.0
10.0
10.0
10.0
10.0
10.0
10.0
10.0
10.0
10.0
1.84255
10.0
4.2695
6.9799999999999995
-1.4156420046064746
10.0
10.0
10.0
10.0
10.0
10.0
10.0
10.0
10.0
10.0
10.0
-8.762910416772977
10.0
10.0
10.0
10.0
10.0
10.0
-3.715313554632729
2.953825437661557
10.0
10.0
10.0
10.0
10.0
10.0
10.0
10.0
10.0
10.0
10.0
10.0
10.0
10.0
10.0
10.0
10.0
10.0
10.0
10.0
10.0
10.0
10.0
10.0
-7.4482583632822355
10.0
6.99999999998645
-7.34172716441959
10.0
10.0
10.0
10.0
10.0
10.0
10.0
10.0
10.0
10.0
10.0
10.0
10.0
10.0
10.0
10.0
10.0
10.0
10.0
10.0
10.0
10.0
10.0
10.0
10.0
10.0
10.0
10.0
10.0
10.0
10.0
10.0
10.0
10.0
10.0
10.0
10.0
10.0
10.0
10.0
10.0
10.0
10.0
10.0
10.0
10.0
10.0
10.0
10.0
10.0
10.0
10.0
10.0
10.0
10.0
10.0
10.0
10.0
10.0
10.0
10.0
10.0
4875.936715457188
9000.83807621607
9999.999946798152
10.0
10.0
0.31618751830933417
10.0
10.0
10.0
10.0
10.0
10.0
10.0
10.0
10.0
10.0
10.0
10.0
10.0
10.0
10.0
10.0
10.0
10.0
10.0
10.0
10.0
10.0
10.0
10.0
10.0
10.0
10.0
10.0
10.0
10.0
10.0
10.0
10.0
10.0
10.0
10.0
10.0
10.0
10.0
10.0
10.0
10.0
10.0
-2830.6587024776213
10.0
10.0
10.0
10.0
10.0
10.0
10.0
10.0
10.0
10.0
10.0
10.0
10.0
10.0
10.0
10.0
10.0
10.0
10.0
10.0
10.0
10.0
10.0
10.0
10.0
10.0
10.0
10.0
10.0
10.0
10.0
10.0
10.0
10.0
10.0
10.0
10.0
10.0
10.0
10.0
10.0
10.0
10.0
10.0
10.0
10.0
10.0
10.0
10.0
10.0
10.0
10.0
10.0
10.0
10.0
10.0
10.0
10.0
10.0
10.0
10.0
10.0
10.0
10.0
10.0
10.0
10.0
10.0
10.0
10.0
10.0
10.0
10.0
10.0
10.0
10.0
10.0
10.0
10.0
10.0
10.0
10.0
10.0
10.0
10.0
10.0
10.0
0.7488733890913526
0.0647347112660445
10.0
-4.032540991677845
10.0
-6209.99881318053
-6209.989911904594
-0.013032324305203522
-0.016741000733052964
-0.012243424835545932
-0.013487440129262476
0.37848780066350074
-0.1048373649303035
-0.36666792079872534
-0.6275347074747311
0.04244196136293038
0.15457024668072264
10.0
10.0
10.0
10.0
10.0
10.0
10.0
10.0
10.0
10.0
10.0
10.0
10.0
10.0
10.0
10.0
10.0
10.0
1.3199689042121021
0.94890631077242
-0.34144092162899575
1.2780502547626136
2.1987185118200467
1.6640929756547507
10.0
10.0
10.0
10.0
10.0
10.0
10.0
10.0
10.0
10.0
10.0
10.0
10.0
10.0
10.0
10.0
10.0
10.0
1.0024535464334137
0.5233404009470259
0.48530462768478483
1.0732606149160209
0.28040411361351397
0.6768107726760698
10.0
10.0
10.0
10.0
10.0
10.0
10.0
10.0
10.0
10.0
10.0
10.0
10.0
10.0
10.0
10.0
10.0
10.0
-0.23318299984671048
-0.47828099440400634
-1.4065789940759628
-0.4220293932382871
-0.24662571054179283
-0.3256136150134654
10.0
10.0
10.0
10.0
10.0
10.0
10.0
10.0
10.0
10.0
4.266545490868157
-0.8023908876809147
10.0
10.0
10.0
10.0
10.0
10.0
-0.5872103461745839
-0.3587166012392796
-0.20938901126057857
0.3106051833634037
0.7192066748801039
0.00803212264737937
10.0
10.0
10.0
10.0
10.0
10.0
10.0
10.0
10.0
10.0
10.0
10.0
10.0
10.0
10.0
10.0
10.0
10.0
0.05616414147189497
1.0027954310331473
1.411446062805222
0.3060841742357992
0.18397513743088836
0.38748464061616605
10.0
10.0
10.0
10.0
10.0
10.0
10.0
10.0
10.0
10.0
10.0
10.0
-0.6163359515178544
-0.0291066381651262
-0.027050862635106837
-0.03163355942258134
-0.07565491752587324
-0.03827703287387309
1.627907451516144
1.028548283542336
0.7255391909029291
1.4036986846108759
1.7724804375230707
1.0737621837803726
10.0
10.0
10.0
10.0
10.0
10.0
10.0
10.0
10.0
10.0
10.0
10.0
10.0
10.0
10.0
10.0
10.0
10.0
0.09410592688944186
-0.18400796968256672
-0.3549411531267912
0.41162761002749343
-1.1047971681382711
-0.14159413267073512
10.0
10.0
10.0
10.0
10.0
10.0
10.0
10.0
10.0
2.867919214393555
10.0
10.0
10.0
10.0
10.0
10.0
10.0
10.0
0.26109152092454146
0.5295533010654387
0.11357053293298071
0.3732881785174422
1.584493616419468
1.3105561519146716
10.0
10.0
10.0
10.0
10.0
10.0
10.0
10.0
10.0
10.0
10.0
10.0
10.0
10.0
10.0
10.0
10.0
10.0
7.49000251
10.0
10.0
10.0
10.0
10.0
10.0
10.0
10.0
10.0
10.0
10.0
10.0
10.0
10.0
10.0
10.0
10.0
10.0
10.0
10.0
10.0
10.0
10.0
1.5971272098938811
1.8374361479524404
1.3955560613087672
1.3412709881752105
1.3729820715448442
1.6839159461026951
10.0
10.0
10.0
10.0
10.0
10.0
10.0
10.0
10.0
10.0
10.0
10.0
10.0
10.0
10.0
10.0
10.0
10.0
10.0
10.0
10.0
10.0
10.0
10.0
-154.9030582174895
-163.56951126130303
-145.74569555078253
-166.32677345353946
-115.71264220107358
-166.54912455075322
-2.6215333233304334
-2.926020704311931
-2.863969453075908
-3.267592208421251
-2.7803698025341235
-3.014900301438635
-67.2496722371301
-67.70037222263278
-67.74243238237041
-61.73906430694898
-67.87209860763146
-64.30473364566808
-3.1076721253522495
-4.3208686399873
-3.3035347126252557
-3.0880053173688116
-3.3449915889646165
-3.280547476123799
10.0
9.1
10.0
10.0
10.0
10.0
-2.452925780281764
-2.360806080118921
-2.4891492464523153
-2.1765882336379234
-2.0410637646113856
-1.96160782706239
-74.40253951408555
-94.99977826989584
-73.64495575205798
-82.17498207001935
-70.42812812788372
-72.38283551587237
-4.1110443712351055
-4.528300834044793
-4.273582390057497
-4.301616330631312
-3.9418027076560724
-3.9912831644223914
10.0
-164.9409077426384
10.0
-160.57822782087396
10.0
10.0
-3.358488862382633
-2.2369339441031406
-4.567784747928892
-4.613147715464859
-5.028285753654014
-2.638100949317332
0.05827100576482487
-9.33245110243194
-1001.8631125572863
-107.50392570778575
-180.06019354306432
0.0037806771249912895
-3.8621370692688815
-4.2271978873047935
-4.272123714247479
-2.609969880807677
-5.729013925658371
-4.830837249564036
10.0
10.0
10.0
10.0
10.0
10.0
-3.723396285898054
-0.53313430378493
-7.9190000000000005
-1.5307213976618508
-1.5923988877668533
-7.772772794895721
10.0
10.0
10.0
10.0
10.0
10.0
-6.262324791621801
-5.906947762145258
-6.998666407236871
-5.60526076627202
-4.837079057916125
-6.550631613885861
-151.47291170581107
10.0
10.0
10.0
10.0
10.0
-0.25069529890106546
-0.9162267921254643
-1.7755585280296362
-0.47466175950143985
1.0521126000068441
1.3597911408016563
-107.10069921553371
10.0
-1612.9906567124133
10.0
-1505.3461933166266
-1220.4825830412349
-2.1127327414449177
-2.2822012940509957
-2.7318855020660773
-1.9550692249917565
-2.339167180429225
-2.0291319423854937
10.0
10.0
10.0
10.0
10.0
10.0
2.2160642874985736
-0.7159762719902433
-5.678092549520533
-0.605326884423016
10.0
0.47389873791624204
10.0
10.0
10.0
10.0
10.0
10.0
-3.5842888836236955
-3.637995968868463
-3.570640511384892
-3.232299056267638
-3.405462846173136
-3.302364218755705
-140.29945991148787
-44.19322721246261
-44.31822282317063
-108.39069474997439
-214.46799714684101
-232.40276751488577
-1.914429182538612
-3.6561205046944862
0.1555685917123153
-4.289761958271488
-3.686139880623191
-0.2594465522230003
-55.303603951861355
-129.49083082163384
-55.94126422263916
-279.9945622047701
-1315.3686507690327
-112.1061678800179
-1.4432715778597869
-2.210866541751092
-3.6499985493257268
-2.644183910132745
-4.3248519498973685
-1.565366251669973
10.0
10.0
10.0
10.0
10.0
10.0
10.0
10.0
10.0
10.0
10.0
10.0
10.0
-199.7181875152636
10.0
10.0
10.0
10.0
-0.6128000000000002
10.0
-1.6028000000000002
10.0
10.0
10.0
10.0
10.0
10.0
10.0
10.0
10.0
-0.22817996846595612
-1.904275184850435
-0.9997228360682396
-0.7793322724301339
0.17630358085493356
0.616769780687322
10.0
10.0
-65.30358949864248
10.0
10.0
10.0
-0.23055873293451384
-1.3056844006876713
10.0
-2.3173177122754627
-0.9709418849687341
-0.44045633853853694
10.0
10.0
10.0
10.0
10.0
10.0
10.0
-1.4189355156484431
10.0
-1.4508738804962977
-0.11188317952538473
10.0
10.0
10.0
10.0
10.0
10.0
10.0
-3.63126014111542
-4.6326799494640944
10.0
-3.606133438414684
-3.5574131226148147
-3.9457038204607606
10.0
10.0
10.0
10.0
10.0
10.0
-4.577179550190501
-2.0567040570797506
8.943544917317055
3.8055254564690735
-7.686144544480905
8.46020703571804
10.0
10.0
10.0
10.0
10.0
10.0
8.92981
6.416188679401347
10.0
8.9371
10.0
8.8721461
10.0
10.0
10.0
10.0
10.0
10.0
10.0
10.0
10.0
10.0
10.0
10.0
10.0
10.0
10.0
10.0
10.0
10.0
10.0
10.0
10.0
10.0
10.0
10.0
10.0
10.0
10.0
10.0
10.0
10.0
0.11077128331597388
-1.7191785831533064
-0.35787002618158165
0.08849310241459973
0.8268464292520806
1.6127229916146706
-19.012333238775593
-1.9097790559553847
-1.3237509734744446
-3624.2335058530452
-4153.233090137906
10.0
-0.5918951448145789
0.5907187486297311
0.23240380255206727
0.46796830606533146
0.2630370927644929
0.5811847538307576
10.0
10.0
10.0
10.0
10.0
10.0
8.569791895402311
0.0018099999999996452
0.2790999999999997
8.318636821038043
-7.126829000000002
8.024080947668219
10.0
10.0
10.0
10.0
10.0
10.0
0.5150261999265313
-6.216290000000001
1.039950509482937
-4.99166770252018
1.8644730004774916
-2.3685167232695554
10.0
10.0
10.0
10.0
10.0
10.0
-2.865040804251696
10.0
-1.0527593929565224
10.0
10.0
10.0
10.0
10.0
10.0
10.0
10.0
10.0
1.0670210131343043
-0.21175727275110395
-0.7964444085303901
-1.36172522426249
-1.2269341823478692
-1.0230189084316679
10.0
10.0
10.0
10.0
10.0
10.0
10.0
10.0
10.0
10.0
10.0
10.0
10.0
10.0
10.0
10.0
10.0
10.0
-4.512372860814143
10.0
10.0
9.1
10.0
10.0
10.0
10.0
10.0
10.0
10.0
10.0
0.9665325391440795
-5.396570486321521
-0.9226959741382359
-1.2571232419294036
-2.8217007360288733
-1.657754772157739
10.0
10.0
10.0
10.0
10.0
10.0
-1.0643703661036938
-0.7879301629809576
-1.6814026867260616
-0.4665313685421365
-1.618242040594313
1.3723448542933794
10.0
10.0
10.0
10.0
10.0
10.0
3.3166443051062378
0.7404516337971501
0.6514064704174345
0.5276392410381213
-0.89
1.7856228489856523
10.0
10.0
10.0
10.0
10.0
10.0
-0.8549695579219807
1.872660874488223
1.4768056540505776
1.7083067317398983
1.5268511539698248
0.3894685624259706
10.0
10.0
10.0
10.0
10.0
10.0
10.0
10.0
10.0
10.0
10.0
10.0
-3111.268008681155
10.0
10.0
10.0
-3418.9911964345224
10.0
10.0
-0.38069090868800437
-0.7344557734775778
-0.816061970530642
-0.4699887761580287
-0.48111889939502916
10.0
10.0
10.0
10.0
10.0
10.0
10.0
10.0
10.0
10.0
10.0
10.0
10.0
10.0
10.0
10.0
10.0
10.0
10.0
10.0
10.0
10.0
10.0
10.0
10.0
10.0
10.0
10.0
10.0
10.0
10.0
10.0
10.0
10.0
-0.37837108107826367
10.0
-3337.758396936464
10.0
10.0
10.0
10.0
10.0
1.3711885102127965
-0.946436536483343
-1.4223006972444465
-1.1252976079927974
-0.43155506113486825
-1.0127678471935173
10.0
10.0
10.0
10.0
10.0
10.0
10.0
10.0
10.0
10.0
10.0
10.0
10.0
10.0
10.0
10.0
10.0
10.0
10.0
10.0
10.0
10.0
10.0
10.0
10.0
10.0
10.0
10.0
10.0
10.0
10.0
10.0
10.0
10.0
10.0
10.0
10.0
10.0
10.0
10.0
10.0
10.0
10.0
-0.4229898985422267
-0.9067355228118243
-0.5127538466381102
10.0
10.0
10.0
10.0
10.0
10.0
10.0
10.0
10.0
10.0
10.0
10.0
10.0
10.0
10.0
10.0
10.0
10.0
10.0
10.0
10.0
10.0
10.0
10.0
10.0
10.0
10.0
10.0
10.0
10.0
10.0
10.0
10.0
10.0
10.0
10.0
10.0
10.0
10.0
10.0
10.0
10.0
10.0
10.0
10.0
10.0
10.0
10.0
10.0
10.0
10.0
10.0
10.0
10.0
10.0
10.0
10.0
10.0
10.0
10.0
10.0
10.0
10.0
10.0
10.0
10.0
10.0
10.0
10.0
10.0
10.0
10.0
10.0
10.0
10.0
10.0
10.0
10.0
10.0
10.0
10.0
10.0
10.0
10.0
10.0
10.0
10.0
10.0
10.0
10.0
10.0
10.0
10.0
10.0
10.0
10.0
10.0
10.0
10.0
10.0
10.0
10.0
10.0
10.0
10.0
10.0
10.0
10.0
10.0
10.0
10.0
10.0
10.0
10.0
10.0
10.0
10.0
10.0
10.0
10.0
10.0
10.0
10.0
10.0
10.0
10.0
10.0
10.0
10.0
10.0
10.0
10.0
10.0
10.0
10.0
10.0
10.0
10.0
10.0
10.0
10.0
10.0
10.0
10.0
10.0
10.0
10.0
10.0
10.0
10.0
10.0
10.0
10.0
10.0
10.0
10.0
10.0
10.0
10.0
10.0
10.0
10.0
10.0
10.0
10.0
10.0
10.0
10.0
10.0
10.0
10.0
10.0
10.0
10.0
10.0
10.0
10.0
10.0
10.0
10.0
10.0
10.0
10.0
10.0
10.0
10.0
10.0
10.0
10.0
10.0
10.0
10.0
10.0
10.0
10.0
10.0
10.0
10.0
10.0
10.0
10.0
10.0
10.0
10.0
10.0
10.0
10.0
10.0
10.0
10.0
10.0
10.0
10.0
10.0
10.0
10.0
10.0
10.0
10.0
10.0
10.0
10.0
10.0
10.0
10.0
10.0
10.0
10.0
10.0
10.0
10.0
10.0
10.0
10.0
10.0
10.0
10.0
10.0
10.0
10.0
10.0
10.0
10.0
10.0
10.0
10.0
10.0
10.0
10.0
10.0
10.0
10.0
10.0
10.0
10.0
10.0
10.0
10.0
10.0
10.0
10.0
10.0
10.0
10.0
10.0
10.0
10.0
10.0
10.0
10.0
10.0
10.0
10.0
10.0
10.0
10.0
10.0
10.0
10.0
10.0
10.0
10.0
10.0
10.0
10.0
10.0
10.0
10.0
10.0
10.0
10.0
10.0
10.0
10.0
10.0
10.0
10.0
10.0
10.0
10.0
10.0
10.0
10.0
10.0
10.0
10.0
10.0
10.0
10.0
10.0
10.0
10.0
10.0
10.0
10.0
10.0
10.0
10.0
10.0
10.0
10.0
10.0
10.0
10.0
10.0
10.0
10.0
10.0
10.0
10.0
10.0
10.0
10.0
10.0
10.0
10.0
10.0
10.0
10.0
10.0
10.0
10.0
10.0
10.0
10.0
10.0
10.0
10.0
10.0
10.0
10.0
10.0
10.0
10.0
10.0
10.0
10.0
10.0
10.0
10.0
10.0
10.0
10.0
10.0
10.0
10.0
10.0
10.0
10.0
10.0
10.0
10.0
10.0
10.0
10.0
10.0
10.0
10.0
10.0
10.0
10.0
10.0
10.0
10.0
10.0
10.0
10.0
10.0
10.0
10.0
10.0
10.0
10.0
10.0
10.0
10.0
10.0
10.0
10.0
10.0
10.0
10.0
10.0
10.0
10.0
10.0
10.0
10.0
10.0
10.0
10.0
10.0
10.0
10.0
10.0
10.0
10.0
10.0
10.0
10.0
10.0
10.0
10.0
10.0
10.0
10.0
10.0
10.0
10.0
10.0
10.0
10.0
10.0
10.0
10.0
10.0
10.0
10.0
10.0
10.0
10.0
10.0
10.0
10.0
10.0
10.0
10.0
10.0
10.0
10.0
10.0
10.0
10.0
10.0
10.0
10.0
10.0
10.0
10.0
10.0
10.0
10.0
10.0
10.0
10.0
10.0
10.0
10.0
10.0
10.0
10.0
10.0
10.0
10.0
10.0
10.0
10.0
10.0
10.0
10.0
10.0
10.0
10.0
10.0
10.0
10.0
10.0
10.0
10.0
10.0
10.0
10.0
10.0
10.0
10.0
10.0
10.0
10.0
10.0
10.0
10.0
10.0
10.0
10.0
10.0
10.0
10.0
10.0
10.0
10.0
10.0
10.0
10.0
10.0
10.0
10.0
10.0
10.0
10.0
10.0
10.0
10.0
10.0
10.0
10.0
10.0
10.0
10.0
10.0
10.0
10.0
10.0
10.0
10.0
10.0
10.0
10.0
10.0
10.0
10.0
10.0
10.0
10.0
10.0
10.0
10.0
10.0
10.0
10.0
10.0
10.0
10.0
10.0
10.0
10.0
10.0
10.0
10.0
10.0
10.0
10.0
10.0
10.0
10.0
10.0
10.0
10.0
10.0
10.0
10.0
10.0
10.0
10.0
10.0
10.0
10.0
10.0
10.0
10.0
10.0
10.0
10.0
10.0
10.0
10.0
10.0
10.0
10.0
10.0
10.0
10.0
10.0
10.0
10.0
10.0
10.0
10.0
10.0
10.0
10.0
10.0
10.0
10.0
10.0
10.0
10.0
10.0
10.0
10.0
10.0
10.0
10.0
10.0
10.0
10.0
10.0
10.0
10.0
10.0
10.0
10.0
10.0
10.0
10.0
10.0
10.0
10.0
10.0
10.0
10.0
10.0
10.0
10.0
10.0
10.0
10.0
10.0
10.0
10.0
10.0
10.0
10.0
10.0
10.0
10.0
10.0
10.0
10.0
10.0
10.0
10.0
10.0
10.0
10.0
10.0
10.0
10.0
10.0
10.0
10.0
10.0
10.0
10.0
10.0
10.0
10.0
10.0
10.0
10.0
10.0
10.0
10.0
10.0
10.0
10.0
10.0
10.0
10.0
10.0
10.0
10.0
10.0
10.0
10.0
10.0
10.0
10.0
10.0
10.0
10.0
10.0
10.0
10.0
10.0
10.0
10.0
10.0
10.0
10.0
10.0
10.0
10.0
10.0
10.0
10.0
10.0
10.0
10.0
10.0
10.0
10.0
10.0
10.0
10.0
10.0
10.0
10.0
10.0
10.0
10.0
10.0
10.0
10.0
10.0
10.0
10.0
10.0
10.0
10.0
10.0
10.0
10.0
10.0
10.0
10.0
10.0
10.0
10.0
10.0
10.0
10.0
10.0
10.0
10.0
10.0
10.0
10.0
10.0
10.0
10.0
10.0
10.0
10.0
10.0
10.0
10.0
10.0
10.0
10.0
10.0
10.0
10.0
10.0
10.0
10.0
10.0
10.0
10.0
10.0
10.0
10.0
10.0
10.0
10.0
10.0
10.0
10.0
10.0
10.0
10.0
10.0
10.0
10.0
10.0
10.0
10.0
10.0
10.0
10.0
10.0
10.0
10.0
10.0
10.0
10.0
10.0
10.0
10.0
10.0
10.0
10.0
10.0
10.0
10.0
10.0
10.0
10.0
10.0
10.0
10.0
10.0
10.0
10.0
10.0
10.0
10.0
10.0
10.0
10.0
10.0
10.0
10.0
10.0
10.0
10.0
10.0
10.0
10.0
10.0
10.0
10.0
10.0
10.0
10.0
10.0
10.0
10.0
10.0
10.0
10.0
10.0
10.0
10.0
10.0
10.0
10.0
10.0
10.0
10.0
10.0
10.0
10.0
10.0
10.0
10.0
10.0
10.0
10.0
10.0
10.0
10.0
10.0
10.0
10.0
10.0
10.0
10.0
10.0
10.0
10.0
10.0
10.0
10.0
10.0
10.0
10.0
10.0
10.0
10.0
10.0
10.0
10.0
10.0
10.0
10.0
10.0
10.0
10.0
10.0
10.0
